31.808487                        
31.808487                        
31.808487                        
31.808487                        
31.808487                        
31.808487                        
31.808487                        
31.808487                        
31.808487                        
31.808487                        
31.808487                        
31.808487                        
31.808487                        
31.808487                        
31.808487                        
31.808487                        
31.808487                        
31.808487                        
31.808487                        
31.808487                        
31.808487                        
31.808487                        
31.808487                        
31.808487                        
31.808487                        
31.808487                        
31.808487                        
31.808487                        
31.808487                        
31.808487                        
31.808487                        
31.808487                        
31.808487                        
31.808487                        
31.808487                        
31.808487                        
31.808487                        
31.808487                        
