1                                
1                                
1                                
1                                
1                                
1                                
11                               
9                                
9                                
157                              
9                                
157                              
157                              
10                               
10                               
6                                
11                               
149                              
157                              
149                              
4                                
9                                
149                              
157                              
157                              
11                               
6                                
149                              
4                                
4                                
11                               
40                               
6                                
4                                
7                                
157                              
6                                
4                                
