30.715406                        
30.715406                        
30.715406                        
30.715406                        
30.715406                        
30.715406                        
30.715406                        
30.715406                        
30.715406                        
30.715406                        
30.715406                        
30.715406                        
30.715406                        
30.715406                        
30.715406                        
30.715406                        
30.715406                        
30.715406                        
30.715406                        
30.715406                        
30.715406                        
30.715406                        
30.715406                        
30.715406                        
30.715406                        
30.715406                        
30.715406                        
30.715406                        
30.715406                        
30.715406                        
30.715406                        
30.715406                        
30.715406                        
30.715406                        
30.715406                        
30.715406                        
30.715406                        
30.715406                        
