-57                              
-63                              
-82                              
-83                              
-85                              
-85                              
-40                              
-47                              
-44                              
-56                              
-47                              
-50                              
-55                              
-56                              
-51                              
-54                              
-56                              
-52                              
-62                              
-62                              
-67                              
-60                              
-71                              
-71                              
-77                              
-72                              
-85                              
-75                              
-71                              
-71                              
-81                              
-88                              
-87                              
-66                              
-72                              
-77                              
-77                              
-82                              
