6.681989
7.681989
8.68199
9.68199
10.68199
11.68199
12.68199
13.68199
14.68199
15.68199
16.68199
17.68199
18.68199
19.68199
20.68199
21.68199
22.68199
23.68199
24.68199
6.681989
7.681989
8.68199
9.68199
10.68199
11.68199
12.68199
13.68199
14.68199
15.68199
16.68199
17.68199
18.68199
19.68199
20.68199
21.68199
22.68199
23.68199
24.68199
6.681989
7.681989
8.68199
9.68199
10.68199
11.68199
12.68199
13.68199
14.68199
15.68199
16.68199
17.68199
18.68199
19.68199
20.68199
21.68199
22.68199
23.68199
24.68199
6.681989
7.681989
8.68199
9.68199
10.68199
11.68199
12.68199
13.68199
14.68199
15.68199
16.68199
17.68199
18.68199
19.68199
20.68199
21.68199
22.68199
23.68199
24.68199
6.681989
7.681989
8.68199
9.68199
10.68199
11.68199
12.68199
13.68199
14.68199
15.68199
16.68199
17.68199
18.68199
19.68199
20.68199
21.68199
22.68199
23.68199
24.68199
6.681989
7.681989
8.68199
9.68199
10.68199
11.68199
12.68199
13.68199
14.68199
15.68199
16.68199
17.68199
18.68199
19.68199
20.68199
21.68199
22.68199
23.68199
24.68199
6.681989
7.681989
8.68199
9.68199
10.68199
11.68199
12.68199
13.68199
14.68199
15.68199
16.68199
17.68199
18.68199
19.68199
20.68199
21.68199
22.68199
23.68199
24.68199
6.681989
7.681989
8.68199
9.68199
10.68199
11.68199
12.68199
13.68199
14.68199
15.68199
16.68199
17.68199
18.68199
19.68199
20.68199
21.68199
22.68199
23.68199
24.68199
6.681989
7.681989
8.68199
9.68199
10.68199
11.68199
12.68199
13.68199
14.68199
15.68199
16.68199
17.68199
18.68199
19.68199
20.68199
21.68199
22.68199
23.68199
24.68199
6.681989
7.681989
8.68199
9.68199
10.68199
11.68199
12.68199
13.68199
14.68199
15.68199
16.68199
17.68199
18.68199
19.68199
20.68199
21.68199
22.68199
23.68199
24.68199
6.681989
7.681989
8.68199
9.68199
10.68199
11.68199
12.68199
13.68199
14.68199
15.68199
16.68199
17.68199
18.68199
19.68199
20.68199
21.68199
22.68199
23.68199
24.68199
6.681989
7.681989
8.68199
9.68199
10.68199
11.68199
12.68199
13.68199
14.68199
15.68199
16.68199
17.68199
18.68199
19.68199
20.68199
21.68199
22.68199
23.68199
24.68199
2.147127
3.147127
4.147127
5.147127
6.147127
7.147127
8.147127
9.147127
10.147127
11.147127
12.147127
13.147127
14.147127
2.147127
3.147127
4.147127
5.147127
6.147127
7.147127
8.147127
9.147127
10.147127
11.147127
12.147127
13.147127
14.147127
2.147127
3.147127
4.147127
5.147127
6.147127
7.147127
8.147127
9.147127
10.147127
11.147127
12.147127
13.147127
14.147127
2.147127
3.147127
4.147127
5.147127
6.147127
7.147127
8.147127
9.147127
10.147127
11.147127
12.147127
13.147127
14.147127
2.147127
3.147127
4.147127
5.147127
6.147127
7.147127
8.147127
9.147127
10.147127
11.147127
12.147127
13.147127
14.147127
2.147127
3.147127
4.147127
5.147127
6.147127
7.147127
8.147127
9.147127
10.147127
11.147127
12.147127
13.147127
14.147127
2.147127
3.147127
4.147127
5.147127
6.147127
7.147127
8.147127
9.147127
10.147127
11.147127
12.147127
13.147127
14.147127
2.147127
3.147127
4.147127
5.147127
6.147127
7.147127
8.147127
9.147127
10.147127
11.147127
12.147127
13.147127
14.147127
2.147127
3.147127
4.147127
5.147127
6.147127
7.147127
8.147127
9.147127
10.147127
11.147127
12.147127
13.147127
14.147127
