7.589125
7.589125
7.589125
7.589125
7.589125
7.589125
7.589125
7.589125
7.589125
7.589125
7.589125
7.589125
7.589125
7.589125
7.589125
7.589125
7.589125
7.589125
7.589125
8.589125
8.589125
8.589125
8.589125
8.589125
8.589125
8.589125
8.589125
8.589125
8.589125
8.589125
8.589125
8.589125
8.589125
8.589125
8.589125
8.589125
8.589125
8.589125
9.589125
9.589125
9.589125
9.589125
9.589125
9.589125
9.589125
9.589125
9.589125
9.589125
9.589125
9.589125
9.589125
9.589125
9.589125
9.589125
9.589125
9.589125
9.589125
10.589125
10.589125
10.589125
10.589125
10.589125
10.589125
10.589125
10.589125
10.589125
10.589125
10.589125
10.589125
10.589125
10.589125
10.589125
10.589125
10.589125
10.589125
10.589125
11.589125
11.589125
11.589125
11.589125
11.589125
11.589125
11.589125
11.589125
11.589125
11.589125
11.589125
11.589125
11.589125
11.589125
11.589125
11.589125
11.589125
11.589125
11.589125
12.589125
12.589125
12.589125
12.589125
12.589125
12.589125
12.589125
12.589125
12.589125
12.589125
12.589125
12.589125
12.589125
12.589125
12.589125
12.589125
12.589125
12.589125
12.589125
13.589125
13.589125
13.589125
13.589125
13.589125
13.589125
13.589125
13.589125
13.589125
13.589125
13.589125
13.589125
13.589125
13.589125
13.589125
13.589125
13.589125
13.589125
13.589125
14.589125
14.589125
14.589125
14.589125
14.589125
14.589125
14.589125
14.589125
14.589125
14.589125
14.589125
14.589125
14.589125
14.589125
14.589125
14.589125
14.589125
14.589125
14.589125
15.589125
15.589125
15.589125
15.589125
15.589125
15.589125
15.589125
15.589125
15.589125
15.589125
15.589125
15.589125
15.589125
15.589125
15.589125
15.589125
15.589125
15.589125
15.589125
16.589125
16.589125
16.589125
16.589125
16.589125
16.589125
16.589125
16.589125
16.589125
16.589125
16.589125
16.589125
16.589125
16.589125
16.589125
16.589125
16.589125
16.589125
16.589125
17.589125
17.589125
17.589125
17.589125
17.589125
17.589125
17.589125
17.589125
17.589125
17.589125
17.589125
17.589125
17.589125
17.589125
17.589125
17.589125
17.589125
17.589125
17.589125
18.589125
18.589125
18.589125
18.589125
18.589125
18.589125
18.589125
18.589125
18.589125
18.589125
18.589125
18.589125
18.589125
18.589125
18.589125
18.589125
18.589125
18.589125
18.589125
24.119059
24.119059
24.119059
24.119059
24.119059
24.119059
24.119059
24.119059
24.119059
24.119059
24.119059
24.119059
24.119059
25.119059
25.119059
25.119059
25.119059
25.119059
25.119059
25.119059
25.119059
25.119059
25.119059
25.119059
25.119059
25.119059
26.119059
26.119059
26.119059
26.119059
26.119059
26.119059
26.119059
26.119059
26.119059
26.119059
26.119059
26.119059
26.119059
27.119059
27.119059
27.119059
27.119059
27.119059
27.119059
27.119059
27.119059
27.119059
27.119059
27.119059
27.119059
27.119059
28.119059
28.119059
28.119059
28.119059
28.119059
28.119059
28.119059
28.119059
28.119059
28.119059
28.119059
28.119059
28.119059
29.119059
29.119059
29.119059
29.119059
29.119059
29.119059
29.119059
29.119059
29.119059
29.119059
29.119059
29.119059
29.119059
30.119059
30.119059
30.119059
30.119059
30.119059
30.119059
30.119059
30.119059
30.119059
30.119059
30.119059
30.119059
30.119059
31.119059
31.119059
31.119059
31.119059
31.119059
31.119059
31.119059
31.119059
31.119059
31.119059
31.119059
31.119059
31.119059
32.119057
32.119057
32.119057
32.119057
32.119057
32.119057
32.119057
32.119057
32.119057
32.119057
32.119057
32.119057
32.119057
