-48.459939
-48.354438
-48.251920
-48.152664
-48.056956
-47.965086
-47.877346
-47.794033
-47.715440
-47.641856
-47.573564
-47.510837
-47.453935
-47.403100
-47.358557
-47.320506
-47.289124
-47.264557
-47.246925
-47.236310
-47.232767
-47.236310
-47.246925
-47.264557
-47.289124
-47.320506
-47.358557
-47.403100
-47.453935
-47.510837
-47.573564
-47.641856
-47.715440
-47.794033
-47.877346
-47.965086
-48.056956
-48.152664
-48.251920
-48.354438
-48.459939
-48.271502
-48.161262
-48.054023
-47.950084
-47.849753
-47.753343
-47.661173
-47.573564
-47.490839
-47.413315
-47.341302
-47.275103
-47.215004
-47.161276
-47.114168
-47.073905
-47.040682
-47.014665
-46.995986
-46.984739
-46.980984
-46.984739
-46.995986
-47.014665
-47.040682
-47.073905
-47.114168
-47.161276
-47.215004
-47.275103
-47.341302
-47.413315
-47.490839
-47.573564
-47.661173
-47.753343
-47.849753
-47.950084
-48.054023
-48.161262
-48.271502
-48.080353
-47.965086
-47.852827
-47.743898
-47.638629
-47.537359
-47.440437
-47.348212
-47.261036
-47.179259
-47.103224
-47.033264
-46.969699
-46.912828
-46.862931
-46.820258
-46.785028
-46.757429
-46.737607
-46.725671
-46.721685
-46.725671
-46.737607
-46.757429
-46.785028
-46.820258
-46.862931
-46.912828
-46.969699
-47.033264
-47.103224
-47.179259
-47.261036
-47.348212
-47.440437
-47.537359
-47.638629
-47.743898
-47.852827
-47.965086
-48.080353
-47.886506
-47.765903
-47.648305
-47.534053
-47.423505
-47.317030
-47.215004
-47.117810
-47.025834
-46.939461
-46.859069
-46.785028
-46.717695
-46.657403
-46.604464
-46.559161
-46.521739
-46.492409
-46.471337
-46.458644
-46.454405
-46.458644
-46.471337
-46.492409
-46.521739
-46.559161
-46.604464
-46.657403
-46.717695
-46.785028
-46.859069
-46.939461
-47.025834
-47.117810
-47.215004
-47.317030
-47.423505
-47.534053
-47.648305
-47.765903
-47.886506
-47.689987
-47.563720
-47.440437
-47.320506
-47.204311
-47.092253
-46.984739
-46.882190
-46.785028
-46.693678
-46.608560
-46.530083
-46.458644
-46.394619
-46.338357
-46.290175
-46.250351
-46.219123
-46.196679
-46.183156
-46.178640
-46.183156
-46.196679
-46.219123
-46.250351
-46.290175
-46.338357
-46.394619
-46.458644
-46.530083
-46.608560
-46.693678
-46.785028
-46.882190
-46.984739
-47.092253
-47.204311
-47.320506
-47.440437
-47.563720
-47.689987
-47.490839
-47.358557
-47.229220
-47.103224
-46.980984
-46.862931
-46.749511
-46.641183
-46.538411
-46.441663
-46.351406
-46.268096
-46.192176
-46.124068
-46.064164
-46.012823
-45.970360
-45.937045
-45.913090
-45.898654
-45.893831
-45.898654
-45.913090
-45.937045
-45.970360
-46.012823
-46.064164
-46.124068
-46.192176
-46.268096
-46.351406
-46.441663
-46.538411
-46.641183
-46.749511
-46.862931
-46.980984
-47.103224
-47.229220
-47.358557
-47.490839
-47.289124
-47.150450
-47.014665
-46.882190
-46.753472
-46.628978
-46.509193
-46.394619
-46.285768
-46.183156
-46.087302
-45.998715
-45.917892
-45.845306
-45.781402
-45.726585
-45.681214
-45.645595
-45.619973
-45.604527
-45.599366
-45.604527
-45.619973
-45.645595
-45.681214
-45.726585
-45.781402
-45.845306
-45.917892
-45.998715
-46.087302
-46.183156
-46.285768
-46.394619
-46.509193
-46.628978
-46.753472
-46.882190
-47.014665
-47.150450
-47.289124
-47.084923
-46.939461
-46.796803
-46.657403
-46.521739
-46.390317
-46.263666
-46.142335
-46.026885
-45.917892
-45.815928
-45.721567
-45.635364
-45.557856
-45.489544
-45.430891
-45.382306
-45.344138
-45.316668
-45.300102
-45.294566
-45.300102
-45.316668
-45.344138
-45.382306
-45.430891
-45.489544
-45.557856
-45.635364
-45.721567
-45.815928
-45.917892
-46.026885
-46.142335
-46.263666
-46.390317
-46.521739
-46.657403
-46.796803
-46.939461
-47.084923
-46.878345
-46.725671
-46.575689
-46.428883
-46.285768
-46.146889
-46.012823
-45.884169
-45.761548
-45.645595
-45.536951
-45.436256
-45.344138
-45.261202
-45.188020
-45.125119
-45.072968
-45.031969
-45.002445
-44.984634
-44.978681
-44.984634
-45.002445
-45.031969
-45.072968
-45.125119
-45.188020
-45.261202
-45.344138
-45.436256
-45.536951
-45.645595
-45.761548
-45.884169
-46.012823
-46.146889
-46.285768
-46.428883
-46.575689
-46.725671
-46.878345
-46.669528
-46.509193
-46.351406
-46.196679
-46.045565
-45.898654
-45.756571
-45.619973
-45.489544
-45.365989
-45.250023
-45.142365
-45.043723
-44.954786
-44.876206
-44.808586
-44.752467
-44.708311
-44.676495
-44.657292
-44.650873
-44.657292
-44.676495
-44.708311
-44.752467
-44.808586
-44.876206
-44.954786
-45.043723
-45.142365
-45.250023
-45.365989
-45.489544
-45.619973
-45.756571
-45.898654
-46.045565
-46.196679
-46.351406
-46.509193
-46.669528
-46.458644
-46.290175
-46.124068
-45.960868
-45.801165
-45.645595
-45.494837
-45.349611
-45.210669
-45.078794
-44.954786
-44.839453
-44.733598
-44.638005
-44.553420
-44.480539
-44.419986
-44.372298
-44.337912
-44.317149
-44.310206
-44.317149
-44.337912
-44.372298
-44.419986
-44.480539
-44.553420
-44.638005
-44.733598
-44.839453
-44.954786
-45.078794
-45.210669
-45.349611
-45.494837
-45.645595
-45.801165
-45.960868
-46.124068
-46.290175
-46.458644
-46.245904
-46.068802
-45.893831
-45.721567
-45.552639
-45.387731
-45.227579
-45.072968
-44.924731
-44.783733
-44.650873
-44.527059
-44.413205
-44.310206
-44.218920
-44.140150
-44.074623
-44.022964
-43.985686
-43.963164
-43.955631
-43.963164
-43.985686
-44.022964
-44.074623
-44.140150
-44.218920
-44.310206
-44.413205
-44.527059
-44.650873
-44.783733
-44.924731
-45.072968
-45.227579
-45.387731
-45.552639
-45.721567
-45.893831
-46.068802
-46.245904
-46.031563
-45.845306
-45.660896
-45.478939
-45.300102
-45.125119
-44.954786
-44.789960
-44.631556
-44.480539
-44.337912
-44.204704
-44.081953
-43.970684
-43.871890
-43.786503
-43.715371
-43.659228
-43.618678
-43.594164
-43.585962
-43.594164
-43.618678
-43.659228
-43.715371
-43.786503
-43.871890
-43.970684
-44.081953
-44.204704
-44.337912
-44.480539
-44.631556
-44.789960
-44.954786
-45.125119
-45.300102
-45.478939
-45.660896
-45.845306
-46.031563
-45.815928
-45.619973
-45.425519
-45.233201
-45.043723
-44.857868
-44.676495
-44.500538
-44.331002
-44.168959
-44.015534
-43.871890
-43.739211
-43.618678
-43.511439
-43.418584
-43.341106
-43.279875
-43.235604
-43.208823
-43.199859
-43.208823
-43.235604
-43.279875
-43.341106
-43.418584
-43.511439
-43.618678
-43.739211
-43.871890
-44.015534
-44.168959
-44.331002
-44.500538
-44.676495
-44.857868
-45.043723
-45.233201
-45.425519
-45.619973
-45.815928
-45.599366
-45.393149
-45.188020
-44.984634
-44.783733
-44.586148
-44.392800
-44.204704
-44.022964
-43.848769
-43.683378
-43.528111
-43.384319
-43.253367
-43.136590
-43.035265
-42.950568
-42.883531
-42.835006
-42.805628
-42.795792
-42.805628
-42.835006
-42.883531
-42.950568
-43.035265
-43.136590
-43.253367
-43.384319
-43.528111
-43.683378
-43.848769
-44.022964
-44.204704
-44.392800
-44.586148
-44.783733
-44.984634
-45.188020
-45.393149
-45.599366
-45.382306
-45.165252
-44.948791
-44.733598
-44.520444
-44.310206
-44.103868
-43.902528
-43.707395
-43.519783
-43.341106
-43.172856
-43.016586
-42.873869
-42.746271
-42.635295
-42.542339
-42.468639
-42.415219
-42.382849
-42.372006
-42.382849
-42.415219
-42.468639
-42.542339
-42.635295
-42.746271
-42.873869
-43.016586
-43.172856
-43.341106
-43.519783
-43.707395
-43.902528
-44.103868
-44.310206
-44.520444
-44.733598
-44.948791
-45.165252
-45.382306
-45.165252
-44.936778
-44.708311
-44.480539
-44.254257
-44.030382
-43.809958
-43.594164
-43.384319
-43.181876
-42.988415
-42.805628
-42.635295
-42.479244
-42.339311
-42.217279
-42.114819
-42.033423
-41.974334
-41.938491
-41.926478
-41.938491
-41.974334
-42.033423
-42.114819
-42.217279
-42.339311
-42.479244
-42.635295
-42.805628
-42.988415
-43.181876
-43.384319
-43.594164
-43.809958
-44.030382
-44.254257
-44.480539
-44.708311
-44.936778
-45.165252
-44.948791
-44.708311
-44.467156
-44.226010
-43.985686
-43.747129
-43.511439
-43.279875
-43.053864
-42.835006
-42.625064
-42.425956
-42.239723
-42.068494
-41.914431
-41.779660
-41.666195
-41.575848
-41.510144
-41.470239
-41.456856
-41.470239
-41.510144
-41.575848
-41.666195
-41.779660
-41.914431
-42.068494
-42.239723
-42.425956
-42.625064
-42.835006
-43.053864
-43.279875
-43.511439
-43.747129
-43.985686
-44.226010
-44.467156
-44.708311
-44.948791
-44.733598
-44.480539
-44.226010
-43.970684
-43.715371
-43.461037
-43.208823
-42.960060
-42.716285
-42.479244
-42.250902
-42.033423
-41.829153
-41.640573
-41.470239
-41.320702
-41.194404
-41.093568
-41.020082
-40.975386
-40.960384
-40.975386
-41.020082
-41.093568
-41.194404
-41.320702
-41.470239
-41.640573
-41.829153
-42.033423
-42.250902
-42.479244
-42.716285
-42.960060
-43.208823
-43.461037
-43.715371
-43.970684
-44.226010
-44.480539
-44.733598
-44.520444
-44.254257
-43.985686
-43.715371
-43.444105
-43.172856
-42.902790
-42.635295
-42.372006
-42.114819
-41.865906
-41.627705
-41.402905
-41.194404
-41.005234
-40.838469
-40.697095
-40.583864
-40.501139
-40.450737
-40.433805
-40.450737
-40.501139
-40.583864
-40.697095
-40.838469
-41.005234
-41.194404
-41.402905
-41.627705
-41.865906
-42.114819
-42.372006
-42.635295
-42.902790
-43.172856
-43.444105
-43.715371
-43.985686
-44.254257
-44.520444
-44.310206
-44.030382
-43.747129
-43.461037
-43.172856
-42.883531
-42.594227
-42.306368
-42.021669
-41.742167
-41.470239
-41.208620
-40.960384
-40.728911
-40.517811
-40.330806
-40.171576
-40.043564
-39.949761
-39.892490
-39.873231
-39.892490
-39.949761
-40.043564
-40.171576
-40.330806
-40.517811
-40.728911
-40.960384
-41.208620
-41.470239
-41.742167
-42.021669
-42.306368
-42.594227
-42.883531
-43.172856
-43.461037
-43.747129
-44.030382
-44.310206
-44.103868
-43.809958
-43.511439
-43.208823
-42.902790
-42.594227
-42.284266
-41.974334
-41.666195
-41.361998
-41.064323
-40.776203
-40.501139
-40.243067
-40.006286
-39.795328
-39.614764
-39.468944
-39.361706
-39.296068
-39.273966
-39.296068
-39.361706
-39.468944
-39.614764
-39.795328
-40.006286
-40.243067
-40.501139
-40.776203
-41.064323
-41.361998
-41.666195
-41.974334
-42.284266
-42.594227
-42.902790
-43.208823
-43.511439
-43.809958
-44.103868
-43.902528
-43.594164
-43.279875
-42.960060
-42.635295
-42.306368
-41.974334
-41.640573
-41.306849
-40.975386
-40.648929
-40.330806
-40.024965
-39.735971
-39.468944
-39.229423
-39.023123
-38.855606
-38.731867
-38.655895
-38.630273
-38.655895
-38.731867
-38.855606
-39.023123
-39.229423
-39.468944
-39.735971
-40.024965
-40.330806
-40.648929
-40.975386
-41.306849
-41.640573
-41.974334
-42.306368
-42.635295
-42.960060
-43.279875
-43.594164
-43.902528
-43.707395
-43.384319
-43.053864
-42.716285
-42.372006
-42.021669
-41.666195
-41.306849
-40.945331
-40.583864
-40.225304
-39.873231
-39.532039
-39.206979
-38.904131
-38.630273
-38.392606
-38.198320
-38.054023
-37.965086
-37.935031
-37.965086
-38.054023
-38.198320
-38.392606
-38.630273
-38.904131
-39.206979
-39.532039
-39.873231
-40.225304
-40.583864
-40.945331
-41.306849
-41.666195
-42.021669
-42.372006
-42.716285
-43.053864
-43.384319
-43.707395
-43.519783
-43.181876
-42.835006
-42.479244
-42.114819
-41.742167
-41.361998
-40.975386
-40.583864
-40.189559
-39.795328
-39.404919
-39.023123
-38.655895
-38.310402
-37.994934
-37.718611
-37.490839
-37.320506
-37.215004
-37.179259
-37.215004
-37.320506
-37.490839
-37.718611
-37.994934
-38.310402
-38.655895
-39.023123
-39.404919
-39.795328
-40.189559
-40.583864
-40.975386
-41.361998
-41.742167
-42.114819
-42.479244
-42.835006
-43.181876
-43.519783
-43.341106
-42.988415
-42.625064
-42.250902
-41.865906
-41.470239
-41.064323
-40.648929
-40.225304
-39.795328
-39.361706
-38.928191
-38.499844
-38.083268
-37.686795
-37.320506
-36.995986
-36.725671
-36.521739
-36.394619
-36.351406
-36.394619
-36.521739
-36.725671
-36.995986
-37.320506
-37.686795
-38.083268
-38.499844
-38.928191
-39.361706
-39.795328
-40.225304
-40.648929
-41.064323
-41.470239
-41.865906
-42.250902
-42.625064
-42.988415
-43.341106
-43.172856
-42.805628
-42.425956
-42.033423
-41.627705
-41.208620
-40.776203
-40.330806
-39.873231
-39.404919
-38.928191
-38.446556
-37.965086
-37.490839
-37.033264
-36.604464
-36.219123
-35.893831
-35.645595
-35.489544
-35.436256
-35.489544
-35.645595
-35.893831
-36.219123
-36.604464
-37.033264
-37.490839
-37.965086
-38.446556
-38.928191
-39.404919
-39.873231
-40.330806
-40.776203
-41.208620
-41.627705
-42.033423
-42.425956
-42.805628
-43.172856
-43.016586
-42.635295
-42.239723
-41.829153
-41.402905
-40.960384
-40.501139
-40.024965
-39.532039
-39.023123
-38.499844
-37.965086
-37.423505
-36.882190
-36.351406
-35.845306
-35.382306
-34.984634
-34.676495
-34.480539
-34.413205
-34.480539
-34.676495
-34.984634
-35.382306
-35.845306
-36.351406
-36.882190
-37.423505
-37.965086
-38.499844
-39.023123
-39.532039
-40.024965
-40.501139
-40.960384
-41.402905
-41.829153
-42.239723
-42.635295
-43.016586
-42.873869
-42.479244
-42.068494
-41.640573
-41.194404
-40.728911
-40.243067
-39.735971
-39.206979
-38.655895
-38.083268
-37.490839
-36.882190
-36.263666
-35.645595
-35.043723
-34.480539
-33.985686
-33.594164
-33.341106
-33.253367
-33.341106
-33.594164
-33.985686
-34.480539
-35.043723
-35.645595
-36.263666
-36.882190
-37.490839
-38.083268
-38.655895
-39.206979
-39.735971
-40.243067
-40.728911
-41.194404
-41.640573
-42.068494
-42.479244
-42.873869
-42.746271
-42.339311
-41.914431
-41.470239
-41.005234
-40.517811
-40.006286
-39.468944
-38.904131
-38.310402
-37.686795
-37.033264
-36.351406
-35.645595
-34.924731
-34.204704
-33.511439
-32.883531
-32.372006
-32.033423
-31.914431
-32.033423
-32.372006
-32.883531
-33.511439
-34.204704
-34.924731
-35.645595
-36.351406
-37.033264
-37.686795
-38.310402
-38.904131
-39.468944
-40.006286
-40.517811
-41.005234
-41.470239
-41.914431
-42.339311
-42.746271
-42.635295
-42.217279
-41.779660
-41.320702
-40.838469
-40.330806
-39.795328
-39.229423
-38.630273
-37.994934
-37.320506
-36.604464
-35.845306
-35.043723
-34.204704
-33.341106
-32.479244
-31.666195
-30.975386
-30.501139
-30.330806
-30.501139
-30.975386
-31.666195
-32.479244
-33.341106
-34.204704
-35.043723
-35.845306
-36.604464
-37.320506
-37.994934
-38.630273
-39.229423
-39.795328
-40.330806
-40.838469
-41.320702
-41.779660
-42.217279
-42.635295
-42.542339
-42.114819
-41.666195
-41.194404
-40.697095
-40.171576
-39.614764
-39.023123
-38.392606
-37.718611
-36.995986
-36.219123
-35.382306
-34.480539
-33.511439
-32.479244
-31.402905
-30.330806
-29.361706
-28.655895
-28.392606
-28.655895
-29.361706
-30.330806
-31.402905
-32.479244
-33.511439
-34.480539
-35.382306
-36.219123
-36.995986
-37.718611
-38.392606
-39.023123
-39.614764
-40.171576
-40.697095
-41.194404
-41.666195
-42.114819
-42.542339
-42.468639
-42.033423
-41.575848
-41.093568
-40.583864
-40.043564
-39.468944
-38.855606
-38.198320
-37.490839
-36.725671
-35.893831
-34.984634
-33.985686
-32.883531
-31.666195
-30.330806
-28.904131
-27.490839
-26.351406
-25.893831
-26.351406
-27.490839
-28.904131
-30.330806
-31.666195
-32.883531
-33.985686
-34.984634
-35.893831
-36.725671
-37.490839
-38.198320
-38.855606
-39.468944
-40.043564
-40.583864
-41.093568
-41.575848
-42.033423
-42.468639
-42.415219
-41.974334
-41.510144
-41.020082
-40.501139
-39.949761
-39.361706
-38.731867
-38.054023
-37.320506
-36.521739
-35.645595
-34.676495
-33.594164
-32.372006
-30.975386
-29.361706
-27.490839
-25.382306
-23.341106
-22.372006
-23.341106
-25.382306
-27.490839
-29.361706
-30.975386
-32.372006
-33.594164
-34.676495
-35.645595
-36.521739
-37.320506
-38.054023
-38.731867
-39.361706
-39.949761
-40.501139
-41.020082
-41.510144
-41.974334
-42.415219
-42.382849
-41.938491
-41.470239
-40.975386
-40.450737
-39.892490
-39.296068
-38.655895
-37.965086
-37.215004
-36.394619
-35.489544
-34.480539
-33.341106
-32.033423
-30.501139
-28.655895
-26.351406
-23.341106
-19.361706
-16.351406
-19.361706
-23.341106
-26.351406
-28.655895
-30.501139
-32.033423
-33.341106
-34.480539
-35.489544
-36.394619
-37.215004
-37.965086
-38.655895
-39.296068
-39.892490
-40.450737
-40.975386
-41.470239
-41.938491
-42.382849
-42.372006
-41.926478
-41.456856
-40.960384
-40.433805
-39.873231
-39.273966
-38.630273
-37.935031
-37.179259
-36.351406
-35.436256
-34.413205
-33.253367
-31.914431
-30.330806
-28.392606
-25.893831
-22.372006
-16.351406
43.648594
-16.351406
-22.372006
-25.893831
-28.392606
-30.330806
-31.914431
-33.253367
-34.413205
-35.436256
-36.351406
-37.179259
-37.935031
-38.630273
-39.273966
-39.873231
-40.433805
-40.960384
-41.456856
-41.926478
-42.372006
-42.382849
-41.938491
-41.470239
-40.975386
-40.450737
-39.892490
-39.296068
-38.655895
-37.965086
-37.215004
-36.394619
-35.489544
-34.480539
-33.341106
-32.033423
-30.501139
-28.655895
-26.351406
-23.341106
-19.361706
-16.351406
-19.361706
-23.341106
-26.351406
-28.655895
-30.501139
-32.033423
-33.341106
-34.480539
-35.489544
-36.394619
-37.215004
-37.965086
-38.655895
-39.296068
-39.892490
-40.450737
-40.975386
-41.470239
-41.938491
-42.382849
-42.415219
-41.974334
-41.510144
-41.020082
-40.501139
-39.949761
-39.361706
-38.731867
-38.054023
-37.320506
-36.521739
-35.645595
-34.676495
-33.594164
-32.372006
-30.975386
-29.361706
-27.490839
-25.382306
-23.341106
-22.372006
-23.341106
-25.382306
-27.490839
-29.361706
-30.975386
-32.372006
-33.594164
-34.676495
-35.645595
-36.521739
-37.320506
-38.054023
-38.731867
-39.361706
-39.949761
-40.501139
-41.020082
-41.510144
-41.974334
-42.415219
-42.468639
-42.033423
-41.575848
-41.093568
-40.583864
-40.043564
-39.468944
-38.855606
-38.198320
-37.490839
-36.725671
-35.893831
-34.984634
-33.985686
-32.883531
-31.666195
-30.330806
-28.904131
-27.490839
-26.351406
-25.893831
-26.351406
-27.490839
-28.904131
-30.330806
-31.666195
-32.883531
-33.985686
-34.984634
-35.893831
-36.725671
-37.490839
-38.198320
-38.855606
-39.468944
-40.043564
-40.583864
-41.093568
-41.575848
-42.033423
-42.468639
-42.542339
-42.114819
-41.666195
-41.194404
-40.697095
-40.171576
-39.614764
-39.023123
-38.392606
-37.718611
-36.995986
-36.219123
-35.382306
-34.480539
-33.511439
-32.479244
-31.402905
-30.330806
-29.361706
-28.655895
-28.392606
-28.655895
-29.361706
-30.330806
-31.402905
-32.479244
-33.511439
-34.480539
-35.382306
-36.219123
-36.995986
-37.718611
-38.392606
-39.023123
-39.614764
-40.171576
-40.697095
-41.194404
-41.666195
-42.114819
-42.542339
-42.635295
-42.217279
-41.779660
-41.320702
-40.838469
-40.330806
-39.795328
-39.229423
-38.630273
-37.994934
-37.320506
-36.604464
-35.845306
-35.043723
-34.204704
-33.341106
-32.479244
-31.666195
-30.975386
-30.501139
-30.330806
-30.501139
-30.975386
-31.666195
-32.479244
-33.341106
-34.204704
-35.043723
-35.845306
-36.604464
-37.320506
-37.994934
-38.630273
-39.229423
-39.795328
-40.330806
-40.838469
-41.320702
-41.779660
-42.217279
-42.635295
-42.746271
-42.339311
-41.914431
-41.470239
-41.005234
-40.517811
-40.006286
-39.468944
-38.904131
-38.310402
-37.686795
-37.033264
-36.351406
-35.645595
-34.924731
-34.204704
-33.511439
-32.883531
-32.372006
-32.033423
-31.914431
-32.033423
-32.372006
-32.883531
-33.511439
-34.204704
-34.924731
-35.645595
-36.351406
-37.033264
-37.686795
-38.310402
-38.904131
-39.468944
-40.006286
-40.517811
-41.005234
-41.470239
-41.914431
-42.339311
-42.746271
-42.873869
-42.479244
-42.068494
-41.640573
-41.194404
-40.728911
-40.243067
-39.735971
-39.206979
-38.655895
-38.083268
-37.490839
-36.882190
-36.263666
-35.645595
-35.043723
-34.480539
-33.985686
-33.594164
-33.341106
-33.253367
-33.341106
-33.594164
-33.985686
-34.480539
-35.043723
-35.645595
-36.263666
-36.882190
-37.490839
-38.083268
-38.655895
-39.206979
-39.735971
-40.243067
-40.728911
-41.194404
-41.640573
-42.068494
-42.479244
-42.873869
-43.016586
-42.635295
-42.239723
-41.829153
-41.402905
-40.960384
-40.501139
-40.024965
-39.532039
-39.023123
-38.499844
-37.965086
-37.423505
-36.882190
-36.351406
-35.845306
-35.382306
-34.984634
-34.676495
-34.480539
-34.413205
-34.480539
-34.676495
-34.984634
-35.382306
-35.845306
-36.351406
-36.882190
-37.423505
-37.965086
-38.499844
-39.023123
-39.532039
-40.024965
-40.501139
-40.960384
-41.402905
-41.829153
-42.239723
-42.635295
-43.016586
-43.172856
-42.805628
-42.425956
-42.033423
-41.627705
-41.208620
-40.776203
-40.330806
-39.873231
-39.404919
-38.928191
-38.446556
-37.965086
-37.490839
-37.033264
-36.604464
-36.219123
-35.893831
-35.645595
-35.489544
-35.436256
-35.489544
-35.645595
-35.893831
-36.219123
-36.604464
-37.033264
-37.490839
-37.965086
-38.446556
-38.928191
-39.404919
-39.873231
-40.330806
-40.776203
-41.208620
-41.627705
-42.033423
-42.425956
-42.805628
-43.172856
-43.341106
-42.988415
-42.625064
-42.250902
-41.865906
-41.470239
-41.064323
-40.648929
-40.225304
-39.795328
-39.361706
-38.928191
-38.499844
-38.083268
-37.686795
-37.320506
-36.995986
-36.725671
-36.521739
-36.394619
-36.351406
-36.394619
-36.521739
-36.725671
-36.995986
-37.320506
-37.686795
-38.083268
-38.499844
-38.928191
-39.361706
-39.795328
-40.225304
-40.648929
-41.064323
-41.470239
-41.865906
-42.250902
-42.625064
-42.988415
-43.341106
-43.519783
-43.181876
-42.835006
-42.479244
-42.114819
-41.742167
-41.361998
-40.975386
-40.583864
-40.189559
-39.795328
-39.404919
-39.023123
-38.655895
-38.310402
-37.994934
-37.718611
-37.490839
-37.320506
-37.215004
-37.179259
-37.215004
-37.320506
-37.490839
-37.718611
-37.994934
-38.310402
-38.655895
-39.023123
-39.404919
-39.795328
-40.189559
-40.583864
-40.975386
-41.361998
-41.742167
-42.114819
-42.479244
-42.835006
-43.181876
-43.519783
-43.707395
-43.384319
-43.053864
-42.716285
-42.372006
-42.021669
-41.666195
-41.306849
-40.945331
-40.583864
-40.225304
-39.873231
-39.532039
-39.206979
-38.904131
-38.630273
-38.392606
-38.198320
-38.054023
-37.965086
-37.935031
-37.965086
-38.054023
-38.198320
-38.392606
-38.630273
-38.904131
-39.206979
-39.532039
-39.873231
-40.225304
-40.583864
-40.945331
-41.306849
-41.666195
-42.021669
-42.372006
-42.716285
-43.053864
-43.384319
-43.707395
-43.902528
-43.594164
-43.279875
-42.960060
-42.635295
-42.306368
-41.974334
-41.640573
-41.306849
-40.975386
-40.648929
-40.330806
-40.024965
-39.735971
-39.468944
-39.229423
-39.023123
-38.855606
-38.731867
-38.655895
-38.630273
-38.655895
-38.731867
-38.855606
-39.023123
-39.229423
-39.468944
-39.735971
-40.024965
-40.330806
-40.648929
-40.975386
-41.306849
-41.640573
-41.974334
-42.306368
-42.635295
-42.960060
-43.279875
-43.594164
-43.902528
-44.103868
-43.809958
-43.511439
-43.208823
-42.902790
-42.594227
-42.284266
-41.974334
-41.666195
-41.361998
-41.064323
-40.776203
-40.501139
-40.243067
-40.006286
-39.795328
-39.614764
-39.468944
-39.361706
-39.296068
-39.273966
-39.296068
-39.361706
-39.468944
-39.614764
-39.795328
-40.006286
-40.243067
-40.501139
-40.776203
-41.064323
-41.361998
-41.666195
-41.974334
-42.284266
-42.594227
-42.902790
-43.208823
-43.511439
-43.809958
-44.103868
-44.310206
-44.030382
-43.747129
-43.461037
-43.172856
-42.883531
-42.594227
-42.306368
-42.021669
-41.742167
-41.470239
-41.208620
-40.960384
-40.728911
-40.517811
-40.330806
-40.171576
-40.043564
-39.949761
-39.892490
-39.873231
-39.892490
-39.949761
-40.043564
-40.171576
-40.330806
-40.517811
-40.728911
-40.960384
-41.208620
-41.470239
-41.742167
-42.021669
-42.306368
-42.594227
-42.883531
-43.172856
-43.461037
-43.747129
-44.030382
-44.310206
