-43.341106
-42.988415
-42.625064
-42.250902
-41.865906
-41.470239
-41.064323
-40.648929
-40.225304
-39.795328
-39.361706
-38.928191
-38.499844
-38.083268
-37.686795
-37.320506
-36.995986
-36.725671
-36.521739
-36.394619
-36.351406
-36.394619
-36.521739
-36.725671
-36.995986
-37.320506
-37.686795
-38.083268
-38.499844
-38.928191
-39.361706
-39.795328
-40.225304
-40.648929
-41.064323
-41.470239
-41.865906
-42.250902
-42.625064
-42.988415
-43.341106
-43.172856
-42.805628
-42.425956
-42.033423
-41.627705
-41.208620
-40.776203
-40.330806
-39.873231
-39.404919
-38.928191
-38.446556
-37.965086
-37.490839
-37.033264
-36.604464
-36.219123
-35.893831
-35.645595
-35.489544
-35.436256
-35.489544
-35.645595
-35.893831
-36.219123
-36.604464
-37.033264
-37.490839
-37.965086
-38.446556
-38.928191
-39.404919
-39.873231
-40.330806
-40.776203
-41.208620
-41.627705
-42.033423
-42.425956
-42.805628
-43.172856
-43.016586
-42.635295
-42.239723
-41.829153
-41.402905
-40.960384
-40.501139
-40.024965
-39.532039
-39.023123
-38.499844
-37.965086
-37.423505
-36.882190
-36.351406
-35.845306
-35.382306
-34.984634
-34.676495
-34.480539
-34.413205
-34.480539
-34.676495
-34.984634
-35.382306
-35.845306
-36.351406
-36.882190
-37.423505
-37.965086
-38.499844
-39.023123
-39.532039
-40.024965
-40.501139
-40.960384
-41.402905
-41.829153
-42.239723
-42.635295
-43.016586
-42.873869
-42.479244
-42.068494
-41.640573
-41.194404
-40.728911
-40.243067
-39.735971
-39.206979
-38.655895
-38.083268
-37.490839
-36.882190
-36.263666
-35.645595
-35.043723
-34.480539
-33.985686
-33.594164
-33.341106
-33.253367
-33.341106
-33.594164
-33.985686
-34.480539
-35.043723
-35.645595
-36.263666
-36.882190
-37.490839
-38.083268
-38.655895
-39.206979
-39.735971
-40.243067
-40.728911
-41.194404
-41.640573
-42.068494
-42.479244
-42.873869
-42.746271
-42.339311
-41.914431
-41.470239
-41.005234
-40.517811
-40.006286
-39.468944
-38.904131
-38.310402
-37.686795
-37.033264
-36.351406
-35.645595
-34.924731
-34.204704
-33.511439
-32.883531
-32.372006
-32.033423
-31.914431
-32.033423
-32.372006
-32.883531
-33.511439
-34.204704
-34.924731
-35.645595
-36.351406
-37.033264
-37.686795
-38.310402
-38.904131
-39.468944
-40.006286
-40.517811
-41.005234
-41.470239
-41.914431
-42.339311
-42.746271
-42.635295
-42.217279
-41.779660
-41.320702
-40.838469
-40.330806
-39.795328
-39.229423
-38.630273
-37.994934
-37.320506
-36.604464
-35.845306
-35.043723
-34.204704
-33.341106
-32.479244
-31.666195
-30.975386
-30.501139
-30.330806
-30.501139
-30.975386
-31.666195
-32.479244
-33.341106
-34.204704
-35.043723
-35.845306
-36.604464
-37.320506
-37.994934
-38.630273
-39.229423
-39.795328
-40.330806
-40.838469
-41.320702
-41.779660
-42.217279
-42.635295
-42.542339
-42.114819
-41.666195
-41.194404
-40.697095
-40.171576
-39.614764
-39.023123
-38.392606
-37.718611
-36.995986
-36.219123
-35.382306
-34.480539
-33.511439
-32.479244
-31.402905
-30.330806
-29.361706
-28.655895
-28.392606
-28.655895
-29.361706
-30.330806
-31.402905
-32.479244
-33.511439
-34.480539
-35.382306
-36.219123
-36.995986
-37.718611
-38.392606
-39.023123
-39.614764
-40.171576
-40.697095
-41.194404
-41.666195
-42.114819
-42.542339
-42.468639
-42.033423
-41.575848
-41.093568
-40.583864
-40.043564
-39.468944
-38.855606
-38.198320
-37.490839
-36.725671
-35.893831
-34.984634
-33.985686
-32.883531
-31.666195
-30.330806
-28.904131
-27.490839
-26.351406
-25.893831
-26.351406
-27.490839
-28.904131
-30.330806
-31.666195
-32.883531
-33.985686
-34.984634
-35.893831
-36.725671
-37.490839
-38.198320
-38.855606
-39.468944
-40.043564
-40.583864
-41.093568
-41.575848
-42.033423
-42.468639
-42.415219
-41.974334
-41.510144
-41.020082
-40.501139
-39.949761
-39.361706
-38.731867
-38.054023
-37.320506
-36.521739
-35.645595
-34.676495
-33.594164
-32.372006
-30.975386
-29.361706
-27.490839
-25.382306
-23.341106
-22.372006
-23.341106
-25.382306
-27.490839
-29.361706
-30.975386
-32.372006
-33.594164
-34.676495
-35.645595
-36.521739
-37.320506
-38.054023
-38.731867
-39.361706
-39.949761
-40.501139
-41.020082
-41.510144
-41.974334
-42.415219
-42.382849
-41.938491
-41.470239
-40.975386
-40.450737
-39.892490
-39.296068
-38.655895
-37.965086
-37.215004
-36.394619
-35.489544
-34.480539
-33.341106
-32.033423
-30.501139
-28.655895
-26.351406
-23.341106
-19.361706
-16.351406
-19.361706
-23.341106
-26.351406
-28.655895
-30.501139
-32.033423
-33.341106
-34.480539
-35.489544
-36.394619
-37.215004
-37.965086
-38.655895
-39.296068
-39.892490
-40.450737
-40.975386
-41.470239
-41.938491
-42.382849
-42.372006
-41.926478
-41.456856
-40.960384
-40.433805
-39.873231
-39.273966
-38.630273
-37.935031
-37.179259
-36.351406
-35.436256
-34.413205
-33.253367
-31.914431
-30.330806
-28.392606
-25.893831
-22.372006
-16.351406
43.648594
-16.351406
-22.372006
-25.893831
-28.392606
-30.330806
-31.914431
-33.253367
-34.413205
-35.436256
-36.351406
-37.179259
-37.935031
-38.630273
-39.273966
-39.873231
-40.433805
-40.960384
-41.456856
-41.926478
-42.372006
-42.382849
-41.938491
-41.470239
-40.975386
-40.450737
-39.892490
-39.296068
-38.655895
-37.965086
-37.215004
-36.394619
-35.489544
-34.480539
-33.341106
-32.033423
-30.501139
-28.655895
-26.351406
-23.341106
-19.361706
-16.351406
-19.361706
-23.341106
-26.351406
-28.655895
-30.501139
-32.033423
-33.341106
-34.480539
-35.489544
-36.394619
-37.215004
-37.965086
-38.655895
-39.296068
-39.892490
-40.450737
-40.975386
-41.470239
-41.938491
-42.382849
-42.415219
-41.974334
-41.510144
-41.020082
-40.501139
-39.949761
-39.361706
-38.731867
-38.054023
-37.320506
-36.521739
-35.645595
-34.676495
-33.594164
-32.372006
-30.975386
-29.361706
-27.490839
-25.382306
-23.341106
-22.372006
-23.341106
-25.382306
-27.490839
-29.361706
-30.975386
-32.372006
-33.594164
-34.676495
-35.645595
-36.521739
-37.320506
-38.054023
-38.731867
-39.361706
-39.949761
-40.501139
-41.020082
-41.510144
-41.974334
-42.415219
-42.468639
-42.033423
-41.575848
-41.093568
-40.583864
-40.043564
-39.468944
-38.855606
-38.198320
-37.490839
-36.725671
-35.893831
-34.984634
-33.985686
-32.883531
-31.666195
-30.330806
-28.904131
-27.490839
-26.351406
-25.893831
-26.351406
-27.490839
-28.904131
-30.330806
-31.666195
-32.883531
-33.985686
-34.984634
-35.893831
-36.725671
-37.490839
-38.198320
-38.855606
-39.468944
-40.043564
-40.583864
-41.093568
-41.575848
-42.033423
-42.468639
-42.542339
-42.114819
-41.666195
-41.194404
-40.697095
-40.171576
-39.614764
-39.023123
-38.392606
-37.718611
-36.995986
-36.219123
-35.382306
-34.480539
-33.511439
-32.479244
-31.402905
-30.330806
-29.361706
-28.655895
-28.392606
-28.655895
-29.361706
-30.330806
-31.402905
-32.479244
-33.511439
-34.480539
-35.382306
-36.219123
-36.995986
-37.718611
-38.392606
-39.023123
-39.614764
-40.171576
-40.697095
-41.194404
-41.666195
-42.114819
-42.542339
-42.635295
-42.217279
-41.779660
-41.320702
-40.838469
-40.330806
-39.795328
-39.229423
-38.630273
-37.994934
-37.320506
-36.604464
-35.845306
-35.043723
-34.204704
-33.341106
-32.479244
-31.666195
-30.975386
-30.501139
-30.330806
-30.501139
-30.975386
-31.666195
-32.479244
-33.341106
-34.204704
-35.043723
-35.845306
-36.604464
-37.320506
-37.994934
-38.630273
-39.229423
-39.795328
-40.330806
-40.838469
-41.320702
-41.779660
-42.217279
-42.635295
-42.746271
-42.339311
-41.914431
-41.470239
-41.005234
-40.517811
-40.006286
-39.468944
-38.904131
-38.310402
-37.686795
-37.033264
-36.351406
-35.645595
-34.924731
-34.204704
-33.511439
-32.883531
-32.372006
-32.033423
-31.914431
-32.033423
-32.372006
-32.883531
-33.511439
-34.204704
-34.924731
-35.645595
-36.351406
-37.033264
-37.686795
-38.310402
-38.904131
-39.468944
-40.006286
-40.517811
-41.005234
-41.470239
-41.914431
-42.339311
-42.746271
-42.873869
-42.479244
-42.068494
-41.640573
-41.194404
-40.728911
-40.243067
-39.735971
-39.206979
-38.655895
-38.083268
-37.490839
-36.882190
-36.263666
-35.645595
-35.043723
-34.480539
-33.985686
-33.594164
-33.341106
-33.253367
-33.341106
-33.594164
-33.985686
-34.480539
-35.043723
-35.645595
-36.263666
-36.882190
-37.490839
-38.083268
-38.655895
-39.206979
-39.735971
-40.243067
-40.728911
-41.194404
-41.640573
-42.068494
-42.479244
-42.873869
-42.873869
-42.479244
-42.068494
-41.640573
-41.194404
-40.728911
-40.243067
-39.735971
-39.206979
-38.655895
-38.083268
-37.490839
-36.882190
-36.263666
-35.645595
-35.043723
-34.480539
-33.985686
-33.594164
-33.341106
-33.253367
-33.341106
-33.594164
-33.985686
-34.480539
-35.043723
-35.645595
-36.263666
-36.882190
-37.490839
-38.083268
-38.655895
-39.206979
-39.735971
-40.243067
-40.728911
-41.194404
-41.640573
-42.068494
-42.479244
-42.873869
-42.746271
-42.339311
-41.914431
-41.470239
-41.005234
-40.517811
-40.006286
-39.468944
-38.904131
-38.310402
-37.686795
-37.033264
-36.351406
-35.645595
-34.924731
-34.204704
-33.511439
-32.883531
-32.372006
-32.033423
-31.914431
-32.033423
-32.372006
-32.883531
-33.511439
-34.204704
-34.924731
-35.645595
-36.351406
-37.033264
-37.686795
-38.310402
-38.904131
-39.468944
-40.006286
-40.517811
-41.005234
-41.470239
-41.914431
-42.339311
-42.746271
-42.635295
-42.217279
-41.779660
-41.320702
-40.838469
-40.330806
-39.795328
-39.229423
-38.630273
-37.994934
-37.320506
-36.604464
-35.845306
-35.043723
-34.204704
-33.341106
-32.479244
-31.666195
-30.975386
-30.501139
-30.330806
-30.501139
-30.975386
-31.666195
-32.479244
-33.341106
-34.204704
-35.043723
-35.845306
-36.604464
-37.320506
-37.994934
-38.630273
-39.229423
-39.795328
-40.330806
-40.838469
-41.320702
-41.779660
-42.217279
-42.635295
-42.542339
-42.114819
-41.666195
-41.194404
-40.697095
-40.171576
-39.614764
-39.023123
-38.392606
-37.718611
-36.995986
-36.219123
-35.382306
-34.480539
-33.511439
-32.479244
-31.402905
-30.330806
-29.361706
-28.655895
-28.392606
-28.655895
-29.361706
-30.330806
-31.402905
-32.479244
-33.511439
-34.480539
-35.382306
-36.219123
-36.995986
-37.718611
-38.392606
-39.023123
-39.614764
-40.171576
-40.697095
-41.194404
-41.666195
-42.114819
-42.542339
-42.468639
-42.033423
-41.575848
-41.093568
-40.583864
-40.043564
-39.468944
-38.855606
-38.198320
-37.490839
-36.725671
-35.893831
-34.984634
-33.985686
-32.883531
-31.666195
-30.330806
-28.904131
-27.490839
-26.351406
-25.893831
-26.351406
-27.490839
-28.904131
-30.330806
-31.666195
-32.883531
-33.985686
-34.984634
-35.893831
-36.725671
-37.490839
-38.198320
-38.855606
-39.468944
-40.043564
-40.583864
-41.093568
-41.575848
-42.033423
-42.468639
-42.415219
-41.974334
-41.510144
-41.020082
-40.501139
-39.949761
-39.361706
-38.731867
-38.054023
-37.320506
-36.521739
-35.645595
-34.676495
-33.594164
-32.372006
-30.975386
-29.361706
-27.490839
-25.382306
-23.341106
-22.372006
-23.341106
-25.382306
-27.490839
-29.361706
-30.975386
-32.372006
-33.594164
-34.676495
-35.645595
-36.521739
-37.320506
-38.054023
-38.731867
-39.361706
-39.949761
-40.501139
-41.020082
-41.510144
-41.974334
-42.415219
-42.382849
-41.938491
-41.470239
-40.975386
-40.450737
-39.892490
-39.296068
-38.655895
-37.965086
-37.215004
-36.394619
-35.489544
-34.480539
-33.341106
-32.033423
-30.501139
-28.655895
-26.351406
-23.341106
-19.361706
-16.351406
-19.361706
-23.341106
-26.351406
-28.655895
-30.501139
-32.033423
-33.341106
-34.480539
-35.489544
-36.394619
-37.215004
-37.965086
-38.655895
-39.296068
-39.892490
-40.450737
-40.975386
-41.470239
-41.938491
-42.382849
-42.372006
-41.926478
-41.456856
-40.960384
-40.433805
-39.873231
-39.273966
-38.630273
-37.935031
-37.179259
-36.351406
-35.436256
-34.413205
-33.253367
-31.914431
-30.330806
-28.392606
-25.893831
-22.372006
-16.351406
43.648594
-16.351406
-22.372006
-25.893831
-28.392606
-30.330806
-31.914431
-33.253367
-34.413205
-35.436256
-36.351406
-37.179259
-37.935031
-38.630273
-39.273966
-39.873231
-40.433805
-40.960384
-41.456856
-41.926478
-42.372006
-42.382849
-41.938491
-41.470239
-40.975386
-40.450737
-39.892490
-39.296068
-38.655895
-37.965086
-37.215004
-36.394619
-35.489544
-34.480539
-33.341106
-32.033423
-30.501139
-28.655895
-26.351406
-23.341106
-19.361706
-16.351406
-19.361706
-23.341106
-26.351406
-28.655895
-30.501139
-32.033423
-33.341106
-34.480539
-35.489544
-36.394619
-37.215004
-37.965086
-38.655895
-39.296068
-39.892490
-40.450737
-40.975386
-41.470239
-41.938491
-42.382849
-42.415219
-41.974334
-41.510144
-41.020082
-40.501139
-39.949761
-39.361706
-38.731867
-38.054023
-37.320506
-36.521739
-35.645595
-34.676495
-33.594164
-32.372006
-30.975386
-29.361706
-27.490839
-25.382306
-23.341106
-22.372006
-23.341106
-25.382306
-27.490839
-29.361706
-30.975386
-32.372006
-33.594164
-34.676495
-35.645595
-36.521739
-37.320506
-38.054023
-38.731867
-39.361706
-39.949761
-40.501139
-41.020082
-41.510144
-41.974334
-42.415219
-42.468639
-42.033423
-41.575848
-41.093568
-40.583864
-40.043564
-39.468944
-38.855606
-38.198320
-37.490839
-36.725671
-35.893831
-34.984634
-33.985686
-32.883531
-31.666195
-30.330806
-28.904131
-27.490839
-26.351406
-25.893831
-26.351406
-27.490839
-28.904131
-30.330806
-31.666195
-32.883531
-33.985686
-34.984634
-35.893831
-36.725671
-37.490839
-38.198320
-38.855606
-39.468944
-40.043564
-40.583864
-41.093568
-41.575848
-42.033423
-42.468639
-42.542339
-42.114819
-41.666195
-41.194404
-40.697095
-40.171576
-39.614764
-39.023123
-38.392606
-37.718611
-36.995986
-36.219123
-35.382306
-34.480539
-33.511439
-32.479244
-31.402905
-30.330806
-29.361706
-28.655895
-28.392606
-28.655895
-29.361706
-30.330806
-31.402905
-32.479244
-33.511439
-34.480539
-35.382306
-36.219123
-36.995986
-37.718611
-38.392606
-39.023123
-39.614764
-40.171576
-40.697095
-41.194404
-41.666195
-42.114819
-42.542339
-42.635295
-42.217279
-41.779660
-41.320702
-40.838469
-40.330806
-39.795328
-39.229423
-38.630273
-37.994934
-37.320506
-36.604464
-35.845306
-35.043723
-34.204704
-33.341106
-32.479244
-31.666195
-30.975386
-30.501139
-30.330806
-30.501139
-30.975386
-31.666195
-32.479244
-33.341106
-34.204704
-35.043723
-35.845306
-36.604464
-37.320506
-37.994934
-38.630273
-39.229423
-39.795328
-40.330806
-40.838469
-41.320702
-41.779660
-42.217279
-42.635295
-42.542339
-42.114819
-41.666195
-41.194404
-40.697095
-40.171576
-39.614764
-39.023123
-38.392606
-37.718611
-36.995986
-36.219123
-35.382306
-34.480539
-33.511439
-32.479244
-31.402905
-30.330806
-29.361706
-28.655895
-28.392606
-28.655895
-29.361706
-30.330806
-31.402905
-32.479244
-33.511439
-34.480539
-35.382306
-36.219123
-36.995986
-37.718611
-38.392606
-39.023123
-39.614764
-40.171576
-40.697095
-41.194404
-41.666195
-42.114819
-42.542339
-42.468639
-42.033423
-41.575848
-41.093568
-40.583864
-40.043564
-39.468944
-38.855606
-38.198320
-37.490839
-36.725671
-35.893831
-34.984634
-33.985686
-32.883531
-31.666195
-30.330806
-28.904131
-27.490839
-26.351406
-25.893831
-26.351406
-27.490839
-28.904131
-30.330806
-31.666195
-32.883531
-33.985686
-34.984634
-35.893831
-36.725671
-37.490839
-38.198320
-38.855606
-39.468944
-40.043564
-40.583864
-41.093568
-41.575848
-42.033423
-42.468639
-42.415219
-41.974334
-41.510144
-41.020082
-40.501139
-39.949761
-39.361706
-38.731867
-38.054023
-37.320506
-36.521739
-35.645595
-34.676495
-33.594164
-32.372006
-30.975386
-29.361706
-27.490839
-25.382306
-23.341106
-22.372006
-23.341106
-25.382306
-27.490839
-29.361706
-30.975386
-32.372006
-33.594164
-34.676495
-35.645595
-36.521739
-37.320506
-38.054023
-38.731867
-39.361706
-39.949761
-40.501139
-41.020082
-41.510144
-41.974334
-42.415219
-42.382849
-41.938491
-41.470239
-40.975386
-40.450737
-39.892490
-39.296068
-38.655895
-37.965086
-37.215004
-36.394619
-35.489544
-34.480539
-33.341106
-32.033423
-30.501139
-28.655895
-26.351406
-23.341106
-19.361706
-16.351406
-19.361706
-23.341106
-26.351406
-28.655895
-30.501139
-32.033423
-33.341106
-34.480539
-35.489544
-36.394619
-37.215004
-37.965086
-38.655895
-39.296068
-39.892490
-40.450737
-40.975386
-41.470239
-41.938491
-42.382849
-42.372006
-41.926478
-41.456856
-40.960384
-40.433805
-39.873231
-39.273966
-38.630273
-37.935031
-37.179259
-36.351406
-35.436256
-34.413205
-33.253367
-31.914431
-30.330806
-28.392606
-25.893831
-22.372006
-16.351406
43.648594
-16.351406
-22.372006
-25.893831
-28.392606
-30.330806
-31.914431
-33.253367
-34.413205
-35.436256
-36.351406
-37.179259
-37.935031
-38.630273
-39.273966
-39.873231
-40.433805
-40.960384
-41.456856
-41.926478
-42.372006
-42.382849
-41.938491
-41.470239
-40.975386
-40.450737
-39.892490
-39.296068
-38.655895
-37.965086
-37.215004
-36.394619
-35.489544
-34.480539
-33.341106
-32.033423
-30.501139
-28.655895
-26.351406
-23.341106
-19.361706
-16.351406
-19.361706
-23.341106
-26.351406
-28.655895
-30.501139
-32.033423
-33.341106
-34.480539
-35.489544
-36.394619
-37.215004
-37.965086
-38.655895
-39.296068
-39.892490
-40.450737
-40.975386
-41.470239
-41.938491
-42.382849
-42.415219
-41.974334
-41.510144
-41.020082
-40.501139
-39.949761
-39.361706
-38.731867
-38.054023
-37.320506
-36.521739
-35.645595
-34.676495
-33.594164
-32.372006
-30.975386
-29.361706
-27.490839
-25.382306
-23.341106
-22.372006
-23.341106
-25.382306
-27.490839
-29.361706
-30.975386
-32.372006
-33.594164
-34.676495
-35.645595
-36.521739
-37.320506
-38.054023
-38.731867
-39.361706
-39.949761
-40.501139
-41.020082
-41.510144
-41.974334
-42.415219
-42.468639
-42.033423
-41.575848
-41.093568
-40.583864
-40.043564
-39.468944
-38.855606
-38.198320
-37.490839
-36.725671
-35.893831
-34.984634
-33.985686
-32.883531
-31.666195
-30.330806
-28.904131
-27.490839
-26.351406
-25.893831
-26.351406
-27.490839
-28.904131
-30.330806
-31.666195
-32.883531
-33.985686
-34.984634
-35.893831
-36.725671
-37.490839
-38.198320
-38.855606
-39.468944
-40.043564
-40.583864
-41.093568
-41.575848
-42.033423
-42.468639
-42.542339
-42.114819
-41.666195
-41.194404
-40.697095
-40.171576
-39.614764
-39.023123
-38.392606
-37.718611
-36.995986
-36.219123
-35.382306
-34.480539
-33.511439
-32.479244
-31.402905
-30.330806
-29.361706
-28.655895
-28.392606
-28.655895
-29.361706
-30.330806
-31.402905
-32.479244
-33.511439
-34.480539
-35.382306
-36.219123
-36.995986
-37.718611
-38.392606
-39.023123
-39.614764
-40.171576
-40.697095
-41.194404
-41.666195
-42.114819
-42.542339
-42.635295
-42.217279
-41.779660
-41.320702
-40.838469
-40.330806
-39.795328
-39.229423
-38.630273
-37.994934
-37.320506
-36.604464
-35.845306
-35.043723
-34.204704
-33.341106
-32.479244
-31.666195
-30.975386
-30.501139
-30.330806
-30.501139
-30.975386
-31.666195
-32.479244
-33.341106
-34.204704
-35.043723
-35.845306
-36.604464
-37.320506
-37.994934
-38.630273
-39.229423
-39.795328
-40.330806
-40.838469
-41.320702
-41.779660
-42.217279
-42.635295
-42.746271
-42.339311
-41.914431
-41.470239
-41.005234
-40.517811
-40.006286
-39.468944
-38.904131
-38.310402
-37.686795
-37.033264
-36.351406
-35.645595
-34.924731
-34.204704
-33.511439
-32.883531
-32.372006
-32.033423
-31.914431
-32.033423
-32.372006
-32.883531
-33.511439
-34.204704
-34.924731
-35.645595
-36.351406
-37.033264
-37.686795
-38.310402
-38.904131
-39.468944
-40.006286
-40.517811
-41.005234
-41.470239
-41.914431
-42.339311
-42.746271
-42.873869
-42.479244
-42.068494
-41.640573
-41.194404
-40.728911
-40.243067
-39.735971
-39.206979
-38.655895
-38.083268
-37.490839
-36.882190
-36.263666
-35.645595
-35.043723
-34.480539
-33.985686
-33.594164
-33.341106
-33.253367
-33.341106
-33.594164
-33.985686
-34.480539
-35.043723
-35.645595
-36.263666
-36.882190
-37.490839
-38.083268
-38.655895
-39.206979
-39.735971
-40.243067
-40.728911
-41.194404
-41.640573
-42.068494
-42.479244
-42.873869
-43.016586
-42.635295
-42.239723
-41.829153
-41.402905
-40.960384
-40.501139
-40.024965
-39.532039
-39.023123
-38.499844
-37.965086
-37.423505
-36.882190
-36.351406
-35.845306
-35.382306
-34.984634
-34.676495
-34.480539
-34.413205
-34.480539
-34.676495
-34.984634
-35.382306
-35.845306
-36.351406
-36.882190
-37.423505
-37.965086
-38.499844
-39.023123
-39.532039
-40.024965
-40.501139
-40.960384
-41.402905
-41.829153
-42.239723
-42.635295
-43.016586
-43.172856
-42.805628
-42.425956
-42.033423
-41.627705
-41.208620
-40.776203
-40.330806
-39.873231
-39.404919
-38.928191
-38.446556
-37.965086
-37.490839
-37.033264
-36.604464
-36.219123
-35.893831
-35.645595
-35.489544
-35.436256
-35.489544
-35.645595
-35.893831
-36.219123
-36.604464
-37.033264
-37.490839
-37.965086
-38.446556
-38.928191
-39.404919
-39.873231
-40.330806
-40.776203
-41.208620
-41.627705
-42.033423
-42.425956
-42.805628
-43.172856
-43.341106
-42.988415
-42.625064
-42.250902
-41.865906
-41.470239
-41.064323
-40.648929
-40.225304
-39.795328
-39.361706
-38.928191
-38.499844
-38.083268
-37.686795
-37.320506
-36.995986
-36.725671
-36.521739
-36.394619
-36.351406
-36.394619
-36.521739
-36.725671
-36.995986
-37.320506
-37.686795
-38.083268
-38.499844
-38.928191
-39.361706
-39.795328
-40.225304
-40.648929
-41.064323
-41.470239
-41.865906
-42.250902
-42.625064
-42.988415
-43.341106
-43.519783
-43.181876
-42.835006
-42.479244
-42.114819
-41.742167
-41.361998
-40.975386
-40.583864
-40.189559
-39.795328
-39.404919
-39.023123
-38.655895
-38.310402
-37.994934
-37.718611
-37.490839
-37.320506
-37.215004
-37.179259
-37.215004
-37.320506
-37.490839
-37.718611
-37.994934
-38.310402
-38.655895
-39.023123
-39.404919
-39.795328
-40.189559
-40.583864
-40.975386
-41.361998
-41.742167
-42.114819
-42.479244
-42.835006
-43.181876
-43.519783
-43.707395
-43.384319
-43.053864
-42.716285
-42.372006
-42.021669
-41.666195
-41.306849
-40.945331
-40.583864
-40.225304
-39.873231
-39.532039
-39.206979
-38.904131
-38.630273
-38.392606
-38.198320
-38.054023
-37.965086
-37.935031
-37.965086
-38.054023
-38.198320
-38.392606
-38.630273
-38.904131
-39.206979
-39.532039
-39.873231
-40.225304
-40.583864
-40.945331
-41.306849
-41.666195
-42.021669
-42.372006
-42.716285
-43.053864
-43.384319
-43.707395
-43.902528
-43.594164
-43.279875
-42.960060
-42.635295
-42.306368
-41.974334
-41.640573
-41.306849
-40.975386
-40.648929
-40.330806
-40.024965
-39.735971
-39.468944
-39.229423
-39.023123
-38.855606
-38.731867
-38.655895
-38.630273
-38.655895
-38.731867
-38.855606
-39.023123
-39.229423
-39.468944
-39.735971
-40.024965
-40.330806
-40.648929
-40.975386
-41.306849
-41.640573
-41.974334
-42.306368
-42.635295
-42.960060
-43.279875
-43.594164
-43.902528
-44.103868
-43.809958
-43.511439
-43.208823
-42.902790
-42.594227
-42.284266
-41.974334
-41.666195
-41.361998
-41.064323
-40.776203
-40.501139
-40.243067
-40.006286
-39.795328
-39.614764
-39.468944
-39.361706
-39.296068
-39.273966
-39.296068
-39.361706
-39.468944
-39.614764
-39.795328
-40.006286
-40.243067
-40.501139
-40.776203
-41.064323
-41.361998
-41.666195
-41.974334
-42.284266
-42.594227
-42.902790
-43.208823
-43.511439
-43.809958
-44.103868
-44.310206
-44.030382
-43.747129
-43.461037
-43.172856
-42.883531
-42.594227
-42.306368
-42.021669
-41.742167
-41.470239
-41.208620
-40.960384
-40.728911
-40.517811
-40.330806
-40.171576
-40.043564
-39.949761
-39.892490
-39.873231
-39.892490
-39.949761
-40.043564
-40.171576
-40.330806
-40.517811
-40.728911
-40.960384
-41.208620
-41.470239
-41.742167
-42.021669
-42.306368
-42.594227
-42.883531
-43.172856
-43.461037
-43.747129
-44.030382
-44.310206
