11.468647
11.468647
11.468647
11.468647
11.468647
11.468647
11.468647
11.468647
11.468647
11.468647
11.468647
11.468647
11.468647
11.468647
11.468647
12.468647
12.468647
12.468647
12.468647
12.468647
12.468647
12.468647
12.468647
12.468647
12.468647
12.468647
12.468647
12.468647
12.468647
12.468647
13.468647
13.468647
13.468647
13.468647
13.468647
13.468647
13.468647
13.468647
13.468647
13.468647
13.468647
13.468647
13.468647
13.468647
13.468647
14.468647
14.468647
14.468647
14.468647
14.468647
14.468647
14.468647
14.468647
14.468647
14.468647
14.468647
14.468647
14.468647
14.468647
14.468647
15.468647
15.468647
15.468647
15.468647
15.468647
15.468647
15.468647
15.468647
15.468647
15.468647
15.468647
15.468647
15.468647
15.468647
15.468647
16.468647
16.468647
16.468647
16.468647
16.468647
16.468647
16.468647
16.468647
16.468647
16.468647
16.468647
16.468647
16.468647
16.468647
16.468647
17.468647
17.468647
17.468647
17.468647
17.468647
17.468647
17.468647
17.468647
17.468647
17.468647
17.468647
17.468647
17.468647
17.468647
17.468647
18.468647
18.468647
18.468647
18.468647
18.468647
18.468647
18.468647
18.468647
18.468647
18.468647
18.468647
18.468647
18.468647
18.468647
18.468647
19.468647
19.468647
19.468647
19.468647
19.468647
19.468647
19.468647
19.468647
19.468647
19.468647
19.468647
19.468647
19.468647
19.468647
19.468647
20.468647
20.468647
20.468647
20.468647
20.468647
20.468647
20.468647
20.468647
20.468647
20.468647
20.468647
20.468647
20.468647
20.468647
20.468647
21.468647
21.468647
21.468647
21.468647
21.468647
21.468647
21.468647
21.468647
21.468647
21.468647
21.468647
21.468647
21.468647
21.468647
21.468647
22.468647
22.468647
22.468647
22.468647
22.468647
22.468647
22.468647
22.468647
22.468647
22.468647
22.468647
22.468647
22.468647
22.468647
22.468647
23.468647
23.468647
23.468647
23.468647
23.468647
23.468647
23.468647
23.468647
23.468647
23.468647
23.468647
23.468647
23.468647
23.468647
23.468647
24.468647
24.468647
24.468647
24.468647
24.468647
24.468647
24.468647
24.468647
24.468647
24.468647
24.468647
24.468647
24.468647
24.468647
24.468647
25.468647
25.468647
25.468647
25.468647
25.468647
25.468647
25.468647
25.468647
25.468647
25.468647
25.468647
25.468647
25.468647
25.468647
25.468647
26.468647
26.468647
26.468647
26.468647
26.468647
26.468647
26.468647
26.468647
26.468647
26.468647
26.468647
26.468647
26.468647
26.468647
26.468647
27.468647
27.468647
27.468647
27.468647
27.468647
27.468647
27.468647
27.468647
27.468647
27.468647
27.468647
27.468647
27.468647
27.468647
27.468647
28.468647
28.468647
28.468647
28.468647
28.468647
28.468647
28.468647
28.468647
28.468647
28.468647
28.468647
28.468647
28.468647
28.468647
28.468647
29.468647
29.468647
29.468647
29.468647
29.468647
29.468647
29.468647
29.468647
29.468647
29.468647
29.468647
29.468647
29.468647
29.468647
29.468647
30.468647
30.468647
30.468647
30.468647
30.468647
30.468647
30.468647
30.468647
30.468647
30.468647
30.468647
30.468647
30.468647
30.468647
30.468647
31.468647
31.468647
31.468647
31.468647
31.468647
31.468647
31.468647
31.468647
31.468647
31.468647
31.468647
31.468647
31.468647
31.468647
31.468647
32.468647
32.468647
32.468647
32.468647
32.468647
32.468647
32.468647
32.468647
32.468647
32.468647
32.468647
32.468647
32.468647
32.468647
32.468647
33.468647
33.468647
33.468647
33.468647
33.468647
33.468647
33.468647
33.468647
33.468647
33.468647
33.468647
33.468647
33.468647
33.468647
33.468647
34.468647
34.468647
34.468647
34.468647
34.468647
34.468647
34.468647
34.468647
34.468647
34.468647
34.468647
34.468647
34.468647
34.468647
34.468647
