12.803739
13.803739
14.803739
15.803739
16.803738
17.803738
18.803738
19.803738
20.803738
21.803738
22.803738
23.803738
24.803738
25.803738
26.803738
12.803739
13.803739
14.803739
15.803739
16.803738
17.803738
18.803738
19.803738
20.803738
21.803738
22.803738
23.803738
24.803738
25.803738
26.803738
12.803739
13.803739
14.803739
15.803739
16.803738
17.803738
18.803738
19.803738
20.803738
21.803738
22.803738
23.803738
24.803738
25.803738
26.803738
12.803739
13.803739
14.803739
15.803739
16.803738
17.803738
18.803738
19.803738
20.803738
21.803738
22.803738
23.803738
24.803738
25.803738
26.803738
12.803739
13.803739
14.803739
15.803739
16.803738
17.803738
18.803738
19.803738
20.803738
21.803738
22.803738
23.803738
24.803738
25.803738
26.803738
12.803739
13.803739
14.803739
15.803739
16.803738
17.803738
18.803738
19.803738
20.803738
21.803738
22.803738
23.803738
24.803738
25.803738
26.803738
12.803739
13.803739
14.803739
15.803739
16.803738
17.803738
18.803738
19.803738
20.803738
21.803738
22.803738
23.803738
24.803738
25.803738
26.803738
12.803739
13.803739
14.803739
15.803739
16.803738
17.803738
18.803738
19.803738
20.803738
21.803738
22.803738
23.803738
24.803738
25.803738
26.803738
12.803739
13.803739
14.803739
15.803739
16.803738
17.803738
18.803738
19.803738
20.803738
21.803738
22.803738
23.803738
24.803738
25.803738
26.803738
12.803739
13.803739
14.803739
15.803739
16.803738
17.803738
18.803738
19.803738
20.803738
21.803738
22.803738
23.803738
24.803738
25.803738
26.803738
12.803739
13.803739
14.803739
15.803739
16.803738
17.803738
18.803738
19.803738
20.803738
21.803738
22.803738
23.803738
24.803738
25.803738
26.803738
12.803739
13.803739
14.803739
15.803739
16.803738
17.803738
18.803738
19.803738
20.803738
21.803738
22.803738
23.803738
24.803738
25.803738
26.803738
12.803739
13.803739
14.803739
15.803739
16.803738
17.803738
18.803738
19.803738
20.803738
21.803738
22.803738
23.803738
24.803738
25.803738
26.803738
12.803739
13.803739
14.803739
15.803739
16.803738
17.803738
18.803738
19.803738
20.803738
21.803738
22.803738
23.803738
24.803738
25.803738
26.803738
12.803739
13.803739
14.803739
15.803739
16.803738
17.803738
18.803738
19.803738
20.803738
21.803738
22.803738
23.803738
24.803738
25.803738
26.803738
12.803739
13.803739
14.803739
15.803739
16.803738
17.803738
18.803738
19.803738
20.803738
21.803738
22.803738
23.803738
24.803738
25.803738
26.803738
12.803739
13.803739
14.803739
15.803739
16.803738
17.803738
18.803738
19.803738
20.803738
21.803738
22.803738
23.803738
24.803738
25.803738
26.803738
12.803739
13.803739
14.803739
15.803739
16.803738
17.803738
18.803738
19.803738
20.803738
21.803738
22.803738
23.803738
24.803738
25.803738
26.803738
12.803739
13.803739
14.803739
15.803739
16.803738
17.803738
18.803738
19.803738
20.803738
21.803738
22.803738
23.803738
24.803738
25.803738
26.803738
12.803739
13.803739
14.803739
15.803739
16.803738
17.803738
18.803738
19.803738
20.803738
21.803738
22.803738
23.803738
24.803738
25.803738
26.803738
12.803739
13.803739
14.803739
15.803739
16.803738
17.803738
18.803738
19.803738
20.803738
21.803738
22.803738
23.803738
24.803738
25.803738
26.803738
12.803739
13.803739
14.803739
15.803739
16.803738
17.803738
18.803738
19.803738
20.803738
21.803738
22.803738
23.803738
24.803738
25.803738
26.803738
12.803739
13.803739
14.803739
15.803739
16.803738
17.803738
18.803738
19.803738
20.803738
21.803738
22.803738
23.803738
24.803738
25.803738
26.803738
12.803739
13.803739
14.803739
15.803739
16.803738
17.803738
18.803738
19.803738
20.803738
21.803738
22.803738
23.803738
24.803738
25.803738
26.803738
